,a,b,c,d,e,f,g,h,
a,0,260.18533694087506,429.30000124433457,302.68873993928213,233.8905528450111,204.29121199866677,287.2193028532728,741.7421203536948,
b,260.18533694087506,0,561.3373515725807,511.9787056718818,265.49920144436715,385.69890296522965,545.8969408417823,957.5403881007911,
c,429.30000124433457,561.3373515725807,0,197.50620229263026,298.2266351583048,226.6481639621974,402.95025526207746,456.243747137017,
d,302.68873993928213,511.9787056718818,197.50620229263026,0,297.71237390197206,128.2057338241939,205.52915093835068,446.82219047996193,
e,233.8905528450111,265.49920144436715,298.2266351583048,297.71237390197206,0,176.60280397994018,419.19698065444055,721.6014307080017,
f,204.29121199866677,385.69890296522965,226.6481639621974,128.2057338241939,176.60280397994018,0,255.04152975713345,571.8424927005899,
g,287.2193028532728,545.8969408417823,402.95025526207746,205.52915093835068,419.19698065444055,255.04152975713345,0,515.5855831641774,
h,741.7421203536948,957.5403881007911,456.243747137017,446.82219047996193,721.6014307080017,571.8424927005899,515.5855831641774,0